
# 录制数据集
## 打开激光雷达
cd lidar_ws
source devel/setup.bash
roslaunch velodyne_pointcloud VLP-32C_points.launch

## 打开双目相机, 可修改相机速率,默认为15Hz(参数:framerate=30);如果是30Hz(参数:framerate=60)
cd MYNT-EYE-D-SDK-master/wrappers/ros
source devel/setup.bash
roslaunch mynteye_wrapper_d wind.launch

## 录制数据集
rosbag record -O wind_xx /velodyne_points /mynteye/right/image_color /mynteye/left/image_color /mynteye/imu/data_raw



## img_info
VGA Intrinsics left: {width: [640], height: [480], fx: [351.41497802734375000], fy: [351.46127319335937500], cx: [320.90020751953125000], cy: [247.90614318847656250], coeffs: [-0.28706359863281250, 0.06902313232421875, 0.00036239624023438, 0.00070190429687500, 0.00000000000000000], p: [349.19995117187500000, 0.00000000000000000, 322.20056152343750000, 0.00000000000000000, 0.00000000000000000, 349.19995117187500000, 246.16186523437500000, 0.00000000000000000, 0.00000000000000000, 0.00000000000000000, 1.00000000000000000, 0.00000000000000000], r: [0.99997937679290771, -0.00437641143798828, 0.00468313694000244, 0.00436413288116455, 0.99998700618743896, 0.00263249874114990, -0.00469458103179932, -0.00261199474334717, 0.99998545646667480]}
VGA Intrinsics right: {width: [640], height: [480], fx: [351.77053833007812500], fy: [351.69338989257812500], cx: [323.46313476562500000], cy: [247.65850830078125000], coeffs: [-0.28571319580078125, 0.06771469116210938, -0.00010681152343750, -0.00085830688476562, 0.00000000000000000], p: [349.19995117187500000, 0.00000000000000000, 322.20056152343750000, -36528.92968750000000000, 0.00000000000000000, 349.19995117187500000, 246.16186523437500000, 0.00000000000000000, 0.00000000000000000, 0.00000000000000000, 1.00000000000000000, 0.00000000000000000], r: [0.99996972084045410, -0.00216400623321533, -0.00746786594390869, 0.00214433670043945, 0.99999415874481201, -0.00263035297393799, 0.00747346878051758, 0.00261425971984863, 0.99996864795684814]}
VGA Extrinsics left to right: {rotation: [0.99992346763610840, -0.00225138664245605, 0.01216208934783936, 0.00218784809112549, 0.99998378753662109, 0.00523662567138672, -0.01217365264892578, -0.00520956516265869, 0.99991226196289062], translation: [-120.36295318603515625, 0.00000000000000000, 0.00000000000000000]}
HD Intrinsics left: {width: [1280], height: [720], fx: [706.60260009765625000], fy: [707.82385253906250000], cx: [649.28503417968750000], cy: [377.74368286132812500], coeffs: [-0.29912567138671875, 0.08058547973632812, 0.00019836425781250, -0.00004577636718750, 0.00000000000000000], p: [698.40002441406250000, 0.00000000000000000, 638.60864257812500000, 0.00000000000000000, 0.00000000000000000, 698.40002441406250000, 373.30590820312500000, 0.00000000000000000, 0.00000000000000000, 0.00000000000000000, 1.00000000000000000, 0.00000000000000000], r: [0.99988722801208496, -0.00452673435211182, 0.01431500911712646, 0.00447225570678711, 0.99998259544372559, 0.00383651256561279, -0.01433205604553223, -0.00377213954925537, 0.99989008903503418]}
HD Intrinsics right: {width: [1280], height: [720], fx: [706.66595458984375000], fy: [707.24023437500000000], cx: [650.15936279296875000], cy: [371.44442749023437500], coeffs: [-0.29750061035156250, 0.07798385620117188, -0.00009536743164062, -0.00056457519531250, 0.00000000000000000], p: [698.40002441406250000, 0.00000000000000000, 638.60864257812500000, -78421.75000000000000000, 0.00000000000000000, 698.40002441406250000, 373.30590820312500000, 0.00000000000000000, 0.00000000000000000, 0.00000000000000000, 1.00000000000000000, 0.00000000000000000], r: [0.99999821186065674, -0.00183761119842529, -0.00041866302490234, 0.00183594226837158, 0.99999105930328369, -0.00380480289459229, 0.00042557716369629, 0.00380408763885498, 0.99999260902404785]}
HD Extrinsics left to right: {rotation: [0.99988758563995361, -0.00269234180450439, 0.01474761962890625, 0.00258028507232666, 0.99996757507324219, 0.00761389732360840, -0.01476764678955078, -0.00757503509521484, 0.99986219406127930], translation: [-119.38642120361328125, 0.00000000000000000, 0.00000000000000000]}

## imu_info
Motion Intrinsics: {accel: {scale: [1.00392999877232203, 0.00000000000000000, 0.00000000000000000, 0.00000000000000000, 1.00160000000000005, 0.00000000000000000, 0.00000000000000000, 0.00000000000000000, 1.00594000000000006], assembly: [1.00000000000000000, 0.00106342000000000, -0.00034075400000000, 0.00000000000000000, 1.00000000000000000, 0.00291240000000000, -0.00000000000000000, 0.00000000000000000, 1.00000000000000000], drift: [0.00000000000000000, 0.00000000000000000, 0.00000000000000000], noise: [0.00000000000000000, 0.00000000000000000, 0.00000000000000000], bias: [0.00000000000000000, 0.00000000000000000, 0.00000000000000000], x: [-0.01108959858000000, -0.00001974910400000], y: [-0.00271720464000000, -0.00000424292380000], z: [0.00611016560000000, -0.00009300393100000]}, gyro: {scale: [0.99838099999999996, 0.00000000000000000, 0.00000000000000000, 0.00000000000000000, 0.99759900000000001, 0.00000000000000000, 0.00000000000000000, 0.00000000000000000, 1.00236999999999998], assembly: [1.00000000000000000, -0.00100586000000000, 0.00009530100000000, 0.00022052700000000, 1.00000000000000000, 0.00377926000000000, -0.00081311300000000, -0.00506090000000000, 1.00000000000000000], drift: [0.00000000000000000, 0.00000000000000000, 0.00000000000000000], noise: [0.00000000000000000, 0.00000000000000000, 0.00000000000000000], bias: [0.00000000000000000, 0.00000000000000000, 0.00000000000000000], x: [0.34004496083999997, -0.00252302710000000], y: [0.17578435930000000, -0.00509991120000000], z: [0.20055724018999999, -0.00078168977000000]}}
Motion Extrinsics left to imu: {rotation: [0.99996651999999997, 0.00430873000000000, 0.00695718000000000, 0.00434878000000000, -0.99997400999999997, -0.00575128000000000, 0.00693222000000000, 0.00578135000000000, -0.99995926000000002], translation: [-47.77362000000000108, -2.23730999999999991, -1.60071000000000008]}


frame_id: "mynteye_left_color_frame"
height: 480
width: 640
distortion_model: "plumb_bob"
D: [-0.2870635986328125, 0.06902313232421875, 0.000362396240234375, 0.000701904296875, 0.0]
K: [351.41497802734375, 0.0, 320.90020751953125, 0.0, 351.4612731933594, 247.90614318847656, 0.0, 0.0, 1.0]
R: [0.9999793767929077, -0.004376411437988281, 0.004683136940002441, 0.004364132881164551, 0.999987006187439, 0.0026324987411499023, -0.004694581031799316, -0.002611994743347168, 0.9999854564666748]
P: [349.199951171875, 0.0, 322.2005615234375, 0.0, 0.0, 349.199951171875, 246.161865234375, 0.0, 0.0, 0.0, 1.0, 0.0]



frame_id: "mynteye_right_color_frame"
height: 480
width: 640
distortion_model: "plumb_bob"
D: [-0.28571319580078125, 0.06771469116210938, -0.0001068115234375, -0.000858306884765625, 0.0]
K: [351.7705383300781, 0.0, 323.463134765625, 0.0, 351.6933898925781, 247.65850830078125, 0.0, 0.0, 1.0]
R: [0.9999697208404541, -0.002164006233215332, -0.007467865943908691, 0.002144336700439453, 0.999994158744812, -0.0026303529739379883, 0.007473468780517578, 0.002614259719848633, 0.9999686479568481]
P: [349.199951171875, 0.0, 322.2005615234375, -36528.9296875, 0.0, 349.199951171875, 246.161865234375, 0.0, 0.0, 0.0, 1.0, 0.0]



body_T_cam0
[0.9999251560558829, -0.01046991626108411, 0.006329545015555679, -0.07170308593650626;
 -0.0104993917491925, -0.9999341067312835, 0.004641655782915986, 0.004222905615592219;
 0.00628053019378521, -0.004707764755802426, -0.999969195471285, 0.0005170752724544234;
 0, 0, 0, 1]

body_T_cam1
[0.9999620216269244, -0.007761314617615291, -0.003964504912433726, 0.04524420075525244;
 -0.007727564247135666, -0.9999343656653268, 0.008458670834603983, 0.004715430747137898;
 -0.004029895110385696, -0.008427713621628386, -0.9999563658422863, 0.004744524720606114;
 0, 0, 0, 1]



